!PROJECT: GP 2022
!LOCATION: Eschwege - Blaue Kuppe
!OPERATOR: Annika Mattil, Ibrahima Diop, Luise Sontag, Philipp Kraml, Valentin Lobsien
!DATA: Total-field magnetic data from table: MAG_M02
!DATE:
!NOTES:
!VALUE:     datetime    easting    northing    elev    depth       sensor1       sensor2
!UNIT:                      [m]         [m]     [m]      [m]          [nT]          [nT]
!COORDINATES: UTM 32U
2022-8-24-13:31:22   572510.65  5667548.67  306.00     1.50       -308.68       -297.38
2022-8-24-13:32:26   572507.80  5667530.54  300.00     1.50       -242.11       -234.65
2022-8-24-13:32:58   572499.92  5667513.01  301.00     1.50       -185.92       -178.69
2022-8-24-13:33:34   572493.47  5667492.48  298.00     1.50        -32.56        -31.00
2022-8-24-13:34:02   572480.48  5667474.82  295.00     1.50         23.90         32.49
2022-8-24-13:34:22   572470.89  5667461.28  295.00     1.50        137.58        129.74
2022-8-24-13:34:46   572461.57  5667445.23  296.00     1.50        137.04        134.98
2022-8-24-13:35:06   572453.76  5667432.63  291.00     1.50        149.88        147.74
2022-8-24-13:35:30   572443.30  5667416.26  288.00     1.50        136.43        139.96
2022-8-24-13:35:58   572433.22  5667397.28  285.00     1.50        135.82        137.49
2022-8-24-13:36:22   572418.45  5667375.41  295.00     1.50        131.06        133.13
2022-8-24-13:36:46   572415.44  5667366.16  285.00     1.50        122.23        123.77
2022-8-24-13:37:10   572404.20  5667353.74  280.00     1.50         88.15         93.30
2022-8-24-13:37:30   572392.75  5667339.02  279.00     1.50        223.27        195.61
2022-8-24-13:37:58   572377.56  5667322.46  275.00     1.50        195.74        173.73
2022-8-24-13:38:30   572357.50  5667308.45  272.00     1.50        158.59        147.33
2022-8-24-13:38:54   572345.14  5667303.91  272.00     1.50        176.95        156.52
2022-8-24-13:39:06   572339.17  5667302.30  272.00     1.50        168.05        152.42
2022-8-24-13:39:22   572331.69  5667300.12  272.00     1.50        156.79        144.53
2022-8-24-13:39:38   572323.98  5667298.49  271.00     1.50        197.84        176.43
2022-8-24-13:39:54   572316.07  5667297.40  271.00     1.50        220.69        198.74
2022-8-24-13:40:10   572307.73  5667296.01  271.00     1.50        223.09        198.95
2022-8-24-13:40:34   572299.09  5667296.19  271.00     1.50        146.57        130.67
2022-8-24-13:40:58   572285.52  5667296.62  270.00     1.50        128.12        109.70
2022-8-24-13:41:34   572273.72  5667297.56  270.00     1.50        122.68        106.11
2022-8-24-13:41:58   572260.25  5667299.13  269.00     1.50        113.95         96.52
2022-8-24-13:42:26   572244.97  5667301.54  269.00     1.50         87.31         77.45
2022-8-24-13:42:50   572230.97  5667303.62  268.00     1.50        125.23        105.27
2022-8-24-13:43:14   572216.04  5667303.95  267.00     1.50        126.64        102.77
2022-8-24-13:43:46   572197.82  5667303.73  266.00     1.50         84.50         72.05
2022-8-24-13:44:22   572176.52  5667304.87  266.00     1.50         88.91         73.01
2022-8-24-13:44:50   572157.95  5667306.16  265.00     1.50         93.53         74.68
2022-8-24-13:45:14   572139.37  5667307.29  264.00     1.50         66.71         57.17
2022-8-24-13:45:46   572115.79  5667307.76  264.00     1.50         75.94         63.55
2022-8-24-13:46:14   572100.86  5667308.29  263.00     1.50         63.97         54.06
2022-8-24-13:46:47   572085.31  5667308.33  263.00     1.50         74.54         61.28
2022-8-24-13:47:10   572072.12  5667308.60  263.00     1.50         65.81         55.79
2022-8-24-13:47:34   572054.82  5667308.81  262.00     1.50         60.04         50.77
2022-8-24-13:48:14   572029.13  5667308.51  263.00     1.50         63.04         54.67
2022-8-24-13:48:58   572012.90  5667308.77  262.00     1.50         63.95         55.19
2022-8-24-13:49:30   571996.54  5667309.08  262.00     1.50         65.16         55.43
2022-8-24-13:49:58   571981.76  5667309.33  262.00     1.50         61.56         51.76
2022-8-24-13:50:30   571959.19  5667308.99  261.00     1.50        127.83         98.31
2022-8-24-13:50:58   571942.72  5667308.26  261.00     1.50         77.32         70.15
2022-8-24-13:51:30   571939.17  5667320.32  262.00     1.50        101.73         84.75
2022-8-24-13:51:58   571941.28  5667334.03  263.00     1.50        209.98        161.04
2022-8-24-13:52:22   571943.74  5667349.05  263.00     1.50         31.69         37.76
2022-8-24-13:52:50   571946.26  5667369.55  264.00     1.50         78.43         60.18
2022-8-24-13:53:14   571948.38  5667386.48  263.00     1.50        130.66         93.67
2022-8-24-13:53:42   571949.86  5667399.83  263.00     1.50        259.92        202.02
2022-8-24-13:54:10   571952.01  5667417.64  262.00     1.50        129.54        101.06
2022-8-24-13:54:34   571953.67  5667432.50  263.00     1.50        216.48        161.70
2022-8-24-13:55:10   571955.46  5667448.08  262.00     1.50        198.92        151.50
2022-8-24-13:55:34   571955.48  5667464.95  262.00     1.50         45.02         43.23
2022-8-24-13:56:02   571951.28  5667479.87  261.00     1.50         41.71         33.85
2022-8-24-13:56:30   571944.92  5667497.49  260.00     1.50        167.70        137.83
2022-8-24-13:57:06   571937.86  5667517.08  260.00     1.50        154.20        111.69
2022-8-24-13:57:34   571930.81  5667537.31  260.00     1.50        146.33        119.04
2022-8-24-13:57:58   571925.28  5667552.85  259.00     1.50        101.83         72.00
2022-8-24-13:58:22   571920.81  5667565.39  260.00     1.50         42.25         19.25
2022-8-24-13:58:46   571915.81  5667581.81  259.00     1.50         68.54         49.59
2022-8-24-13:59:14   571922.01  5667600.53  259.00     1.50         60.88         59.25
2022-8-24-13:59:42   571935.07  5667614.14  259.00     1.50         60.24         54.23
2022-8-24-14:00:10   571948.22  5667627.82  259.00     1.50        218.97        156.81
2022-8-24-14:00:34   571959.48  5667639.53  259.00     1.50         92.26         77.37
2022-8-24-14:00:58   571970.15  5667650.79  259.00     1.50        230.29        164.54
2022-8-24-14:01:22   571982.83  5667664.07  258.00     1.50        191.38        131.30
2022-8-24-14:01:46   571994.61  5667676.81  257.00     1.50        166.07        120.46
2022-8-24-14:02:14   572009.35  5667691.66  255.00     1.50         81.12         60.40
2022-8-24-14:02:38   572022.18  5667705.53  254.00     1.50        -63.24        -28.35
2022-8-24-14:03:06   572034.94  5667718.95  254.00     1.50        103.43         78.70
2022-8-24-14:03:26   572045.43  5667730.44  254.00     1.50         69.93         50.17
2022-8-24-14:03:50   572057.35  5667743.39  255.00     1.50         77.85         68.94
2022-8-24-14:04:18   572071.63  5667758.92  256.00     1.50        259.09        176.31
2022-8-24-14:04:42   572082.41  5667770.94  257.00     1.50         42.53         33.41
2022-8-24-14:05:06   572094.73  5667783.94  258.00     1.50        184.77        127.49
2022-8-24-14:05:30   572106.78  5667796.60  258.00     1.50        102.56         74.17
2022-8-24-14:05:54   572120.08  5667810.35  259.00     1.50        141.40        106.45
2022-8-24-14:06:18   572132.38  5667823.17  260.00     1.50         60.58         53.84
2022-8-24-14:06:42   572145.32  5667837.03  260.00     1.50         64.64         42.95
2022-8-24-14:07:14   572163.31  5667854.36  260.00     1.50        151.81        102.64
2022-8-24-14:07:38   572178.55  5667867.12  261.00     1.50        -56.91        -40.08
2022-8-24-14:08:10   572196.38  5667881.74  261.00     1.50          8.73         52.71
2022-8-24-14:08:46   572216.32  5667898.69  260.00     1.50        -95.70        -71.19
2022-8-24-14:09:14   572234.87  5667913.59  259.00     1.50        225.89        174.41
2022-8-24-14:09:34   572245.30  5667921.25  259.00     1.50       -181.23        -51.58
2022-8-24-14:09:58   572255.90  5667929.20  259.00     1.50        284.15        210.62
2022-8-24-14:10:22   572266.04  5667937.61  259.00     1.50       -236.96       -145.92
2022-8-24-14:10:46   572276.05  5667946.64  258.00     1.50       -218.58       -158.66
2022-8-24-14:11:10   572284.49  5667956.01  258.00     1.50       -422.38       -283.39
2022-8-24-14:11:42   572291.25  5667963.70  257.00     1.50       -335.49       -198.04
2022-8-24-14:12:18   572300.03  5667974.75  257.00     1.50       -152.87        -81.59
2022-8-24-14:14:10   572310.30  5667985.02  257.00     1.50       -106.75        -81.59
2022-8-24-14:14:46   572326.21  5667997.61  257.00     1.50       -151.09        -97.51
2022-8-24-14:15:26   572343.54  5668008.42  257.00     1.50        -66.46        -33.64
2022-8-24-14:15:54   572358.41  5668020.51  256.00     1.50        100.96         81.34
2022-8-24-14:16:22   572371.21  5668033.69  256.00     1.50        -24.17         -1.57
2022-8-24-14:16:42   572378.68  5668044.51  256.00     1.50         -8.57          2.83
2022-8-24-14:17:14   572394.90  5668051.14  256.00     1.50        334.42        224.52
2022-8-24-14:17:38   572404.04  5668040.29  257.00     1.50         43.39         36.20
2022-8-24-14:18:06   572413.35  5668028.36  258.00     1.50        101.12         85.27
2022-8-24-14:18:34   572423.11  5668017.82  259.00     1.50         42.47         29.53
2022-8-24-14:19:10   572436.26  5668004.60  260.00     1.50        236.90        194.30
2022-8-24-14:19:34   572448.91  5667993.11  262.00     1.50        124.86         85.31
2022-8-24-14:20:02   572459.45  5667982.58  263.00     1.50        -37.73        -38.89
2022-8-24-14:20:34   572469.88  5667968.98  264.00     1.50       -112.88       -100.59
2022-8-24-14:21:10   572479.29  5667953.34  265.00     1.50        106.74        109.09
2022-8-24-14:21:42   572489.35  5667930.90  266.00     1.50        -97.49        -68.57
2022-8-24-14:22:06   572495.67  5667916.23  267.00     1.50        248.92        206.99
2022-8-24-14:22:30   572501.75  5667901.22  268.00     1.50         -0.39         15.99
2022-8-24-14:22:54   572508.28  5667887.17  270.00     1.50        124.81        119.30
2022-8-24-14:23:14   572513.59  5667876.57  271.00     1.50         47.41         48.97
2022-8-24-14:23:38   572520.34  5667863.64  273.00     1.50         29.11         30.03
2022-8-24-14:24:02   572526.86  5667848.98  275.00     1.50         20.93         19.99
2022-8-24-14:24:26   572533.57  5667835.64  278.00     1.50        -71.27        -58.90
2022-8-24-14:24:58   572540.65  5667820.38  280.00     1.50         12.88         14.81
2022-8-24-14:25:22   572546.30  5667805.92  282.00     1.50          6.53          9.33
2022-8-24-14:25:46   572551.59  5667790.57  284.00     1.50          4.98         14.26
2022-8-24-14:26:10   572554.34  5667775.62  285.00     1.50         89.28         87.67
2022-8-24-14:26:30   572554.09  5667762.62  287.00     1.50         16.11         27.56
2022-8-24-14:26:54   572551.20  5667745.77  289.00     1.50          8.29         13.95
2022-8-24-14:27:22   572545.14  5667721.53  291.00     1.50        -31.77        -23.77
